Rxn-Species-ids	Velocity(m/s)	Density	Pressure(Pa)	CH2CH2	CH3CH3	CH4	CHCH	H2	N2	CH2CH3(S)	CH3(S)	H(S)	CH2(S)	CHCH3(S)	CH2CH2(S)	CH(S)	CCH3(S)	CHCH2(S)	C(S)	CCH2(S)	CHCH(S)	CCH(S)	CC(S)	CH4(S)	PT(S)
0001	6.279896e-04	-6.279896e-04	-2.439086e-11	5.844923e-01	-9.093259e-03	4.844561e-01	1.189629e-01	5.227863e-01	-4.951376e-15	5.753245e-01	2.379178e-01	2.423382e-01	3.013599e-01	6.165914e-01	5.649420e-01	4.008381e-02	3.553188e-01	3.551631e-01	-2.211843e-01	9.401186e-02	9.919475e-02	-1.621597e-01	-4.234278e-01	4.649170e-01	-1.894074e-02
0002	2.904132e-06	-2.904132e-06	-1.127953e-13	2.859368e-03	-4.358446e-05	3.901561e-03	-4.646026e-04	2.397443e-03	-3.334174e-17	3.233947e-05	1.081218e-03	1.633646e-03	1.399323e-03	2.333524e-03	2.296741e-03	2.137054e-04	1.148243e-03	1.148892e-03	-9.718945e-04	-3.724022e-05	-2.011623e-05	-1.206205e-03	-2.391805e-03	4.343683e-03	4.480155e-04
0003	1.628914e-06	-1.628914e-06	-6.326636e-14	1.436536e-03	-2.334389e-05	2.971716e-03	8.247515e-04	1.335202e-03	-2.076294e-16	-4.157972e-04	7.054353e-04	4.735421e-04	7.584874e-04	1.618958e-03	1.247335e-03	9.906886e-05	9.598382e-04	9.604958e-04	-5.603560e-04	3.005891e-04	3.843719e-04	-2.754008e-04	-9.348254e-04	2.781322e-03	-1.858866e-04
0004	3.013342e-11	-3.008634e-11	-1.170413e-18	3.624489e-08	-9.573499e-10	2.256344e-06	-5.560059e-08	-3.132008e-09	-9.035826e-17	2.843205e-08	-9.293840e-05	2.685166e-08	-1.051956e-09	-2.477568e-08	6.494086e-08	8.928653e-10	-2.285139e-08	-2.236820e-08	2.884241e-09	-2.082392e-08	-2.682272e-08	-2.500365e-08	-2.301521e-08	-1.702424e-03	2.878280e-08
0005	-7.529599e-06	7.529599e-06	2.924465e-13	-8.082181e-03	1.210768e-04	-2.447017e-02	5.543035e-03	-6.041565e-03	6.242127e-16	-1.832372e-03	-6.109794e-03	-1.095345e-02	-8.176071e-03	-1.222459e-02	-1.216650e-02	-1.320923e-03	-5.370951e-03	-5.373027e-03	5.534153e-03	1.483793e-03	1.453403e-03	8.311464e-03	1.516654e-02	-2.853971e-02	-4.098235e-03
0006	5.269363e-13	-5.056253e-13	-2.048564e-20	-9.153318e-12	1.424674e-13	-6.370353e-12	-2.746134e-13	-8.087541e-12	-5.570973e-17	1.166710e-12	-4.189861e-12	-4.186346e-12	-4.223781e-12	-1.167833e-11	-8.665651e-12	-9.163611e-13	-7.070195e-12	-6.185201e-12	4.260900e-12	-1.837136e-12	-1.060469e-12	2.346862e-12	1.141225e-08	-6.893645e-12	-1.448684e-12
0007	2.503867e-14	4.486961e-14	-9.522255e-22	-1.861955e-10	2.757404e-12	-3.432677e-10	1.143659e-10	-1.437643e-10	-8.166069e-17	-3.973981e-11	-8.746954e-11	-1.344756e-10	-7.429573e-11	-2.099378e-10	-2.492135e-10	-6.600397e-13	-1.388891e-10	-1.354332e-10	6.752844e-11	-6.723680e-11	5.167235e-11	-4.461164e-08	1.871707e-10	-4.042637e-10	-6.174365e-11
0008	8.464428e-13	-8.928197e-13	-3.286649e-20	9.536895e-10	-1.530840e-11	2.116574e-09	3.589860e-10	8.590425e-10	-6.823629e-17	2.452729e-10	9.498088e-10	8.175635e-10	9.978574e-10	1.431977e-09	1.365221e-09	5.736223e-10	1.007353e-09	1.014288e-09	-2.059945e-09	5.829532e-10	7.511075e-10	-1.241950e-09	-1.591311e-08	2.527284e-09	3.918538e-10
0009	-2.118617e-06	2.118618e-06	8.228623e-14	-2.125911e-03	3.236669e-05	-4.126262e-03	5.981392e-04	-1.733434e-03	-1.937492e-16	-1.012211e-04	-9.892162e-04	-1.260030e-03	-9.507864e-04	-2.241406e-03	-2.523677e-03	-9.328522e-05	-1.383814e-03	-1.361507e-03	7.681118e-04	-5.260657e-04	1.962305e-04	1.076934e-03	1.938333e-03	-4.522105e-03	-4.021107e-04
0010	-8.495505e-08	8.495491e-08	3.299619e-15	-8.524460e-05	1.297868e-06	-1.655212e-04	2.396958e-05	-6.950825e-05	5.274589e-17	-4.052632e-06	-3.967749e-05	-5.051925e-05	-3.814458e-05	-8.986373e-05	-1.011883e-04	-3.742243e-06	-5.547550e-05	-5.458181e-05	3.079845e-05	-2.108101e-05	7.859772e-06	4.321786e-05	7.771476e-05	-1.813877e-04	-1.611789e-05
0011	1.510365e-06	-1.510365e-06	-5.866196e-14	2.800686e-03	-1.034667e-04	3.398163e-01	-8.764904e-03	-2.855564e-03	-7.372967e-17	5.068169e-03	3.161546e-01	3.214573e-03	-1.118949e-03	-1.064717e-02	7.496714e-03	3.713030e-04	-9.159447e-03	-8.856709e-03	1.898648e-03	-7.605498e-03	-4.060121e-03	-2.434790e-03	-9.074386e-04	3.444737e-01	4.704726e-03
0012	7.714664e-09	-7.714610e-09	-2.996344e-16	7.045009e-06	-9.780270e-08	-5.546245e-05	2.340260e-06	7.168266e-06	1.066500e-17	1.882425e-06	-1.571813e-05	6.641035e-06	7.798502e-06	-5.044076e-05	1.012661e-05	4.250872e-06	-5.400407e-05	8.897236e-06	7.008904e-07	5.388206e-06	5.416254e-06	1.858398e-06	-1.691580e-06	-5.229895e-05	3.093363e-06
0013	1.911837e-08	-1.911832e-08	-7.425497e-16	1.731352e-05	-2.784948e-07	3.999690e-05	6.745102e-06	1.560961e-05	-1.206393e-17	5.045253e-06	1.799786e-05	1.545500e-05	1.885208e-05	2.654751e-05	2.502282e-05	1.113562e-05	1.883588e-05	1.894138e-05	-3.970178e-05	1.112282e-05	1.445016e-05	-3.630655e-05	-8.713226e-05	4.769140e-05	7.740108e-06
0014	-2.055078e-12	2.071513e-12	7.981645e-20	9.866267e-08	-1.488232e-09	3.595278e-06	-6.513641e-07	-4.517719e-08	-5.970205e-17	2.975242e-07	6.017591e-06	2.672575e-07	8.965757e-06	2.353977e-07	3.901258e-07	-4.432149e-08	2.595099e-07	2.399347e-07	-2.317538e-08	2.836193e-07	-3.608570e-07	-3.588689e-07	-3.377244e-07	3.890933e-06	2.913762e-07
0015	-1.632698e-10	1.631476e-10	6.341343e-18	-1.610150e-07	2.443733e-09	-2.004607e-07	3.175945e-08	-1.344805e-07	2.248551e-17	-3.958041e-09	-6.122589e-08	-9.379424e-08	-7.782012e-08	-1.371158e-07	-1.879181e-07	-1.126551e-08	-7.057517e-08	-7.063944e-08	5.528803e-08	-4.027376e-09	4.544380e-09	7.125902e-08	1.378118e-07	-2.274006e-07	-2.723588e-08
0016	-1.517299e-04	1.517298e-04	5.893125e-12	-1.488740e-01	2.268206e-03	-1.800016e-01	2.091742e-02	-1.255469e-01	-2.646931e-16	5.303416e-04	-5.651173e-02	-8.332303e-02	-7.283916e-02	-1.275882e-01	-1.697486e-01	-1.070592e-02	-6.547386e-02	-6.552239e-02	5.142449e-02	-3.348826e-03	-2.386972e-04	6.190785e-02	1.240383e-01	-2.009266e-01	-2.118929e-02
0017	-1.382622e-08	1.382621e-08	5.370049e-16	-1.438566e-05	1.589221e-07	2.409622e-04	7.216344e-06	-1.456712e-05	-1.790036e-17	-7.222365e-06	1.153648e-04	-1.218643e-05	-8.548810e-06	-1.330069e-05	-1.932263e-05	-1.325373e-06	-6.076503e-06	-6.079167e-06	5.899042e-06	1.148600e-06	2.271782e-06	9.534980e-06	1.675940e-05	2.357755e-04	-4.961317e-06
0018	3.183028e-04	-3.183029e-04	-1.236275e-11	3.067999e-01	-4.695111e-03	2.753481e-01	-8.117746e-03	2.646176e-01	1.165481e-15	-6.789052e-01	1.157904e-01	1.587127e-01	1.544492e-01	2.806323e-01	3.330902e-01	2.236086e-02	1.486881e-01	1.492070e-01	-1.097243e-01	1.670602e-02	1.814725e-02	-1.139865e-01	-2.460717e-01	3.016012e-01	2.662301e-02
0019	-1.045735e-04	1.045735e-04	4.061592e-12	-1.079783e-01	1.606251e-03	-1.349915e-01	4.927982e-02	-8.639523e-02	-1.397455e-15	-4.415140e-02	-3.567507e-02	-7.611301e-02	-5.141237e-02	-6.879720e-02	-1.411957e-01	-8.724997e-03	-2.626457e-02	-2.688444e-02	3.396233e-02	1.629599e-02	1.595466e-02	5.866251e-02	1.013498e-01	-1.682067e-01	-3.342518e-02
0020	1.847893e-07	-1.847893e-07	-7.177142e-15	2.672113e-04	-7.464129e-06	1.953341e-02	-5.828348e-04	-8.166833e-05	5.530727e-17	3.045035e-04	-9.289093e-01	2.539006e-04	-3.852347e-05	-3.161345e-04	5.646905e-04	5.813827e-06	-2.720270e-04	-2.672465e-04	5.061920e-05	-2.268857e-04	-2.847502e-04	-2.416597e-04	-1.968548e-04	1.982419e-02	2.980930e-04
0021	4.547061e-06	-4.547061e-06	-1.766060e-13	8.605607e-03	-2.334235e-04	6.445582e-01	-2.751604e-02	-4.000219e-03	-2.338675e-17	1.421439e-02	6.593866e-01	1.162677e-02	-2.254026e-03	-1.151610e-02	2.236208e-02	-9.830850e-05	-9.373376e-03	-9.375386e-03	2.050020e-03	-7.230529e-03	-1.376265e-02	-1.182167e-02	-9.673368e-03	6.583486e-01	1.377341e-02
0022	1.156777e-11	-1.160599e-11	-4.493263e-19	1.007886e-08	-1.600381e-10	2.103273e-08	2.545420e-09	8.927544e-09	-4.962375e-17	-4.048658e-09	4.132436e-09	1.903936e-09	5.148616e-09	8.827623e-09	7.525742e-09	7.378266e-10	4.419224e-09	4.413078e-09	-2.942623e-09	8.000993e-12	1.177655e-11	5.121662e-10	-3.376058e-09	1.847116e-08	-2.507009e-09
0023	9.756794e-08	-9.756784e-08	-3.789499e-15	9.063362e-05	-1.436575e-06	1.951070e-04	1.962230e-05	7.976690e-05	-8.285445e-17	-5.788279e-05	3.256400e-05	-4.696346e-06	5.080792e-05	5.763237e-05	4.628612e-05	1.140327e-05	1.824097e-05	1.807388e-05	-2.803969e-05	-2.115808e-05	-2.470793e-05	2.746811e-05	-1.197408e-05	1.506865e-04	-4.410530e-05
0024	7.193626e-08	-7.193621e-08	-2.793975e-15	6.860983e-05	-1.031774e-06	-5.132889e-05	2.884477e-06	6.118304e-05	6.190418e-18	1.253816e-05	-2.274812e-05	5.331830e-05	5.447263e-05	-1.179840e-04	9.153809e-05	2.421629e-05	-1.482956e-04	6.963188e-05	-6.132357e-06	-1.786046e-04	2.582543e-05	-4.970026e-06	-3.531781e-05	-2.824370e-05	2.305311e-05
0025	-7.120615e-08	7.120610e-08	2.765617e-15	-7.434916e-05	1.108734e-06	-1.337231e-04	3.891183e-05	-5.831970e-05	-1.218149e-16	-1.193442e-05	-3.499094e-05	-5.095108e-05	-3.090494e-05	-8.245648e-05	-9.628461e-05	-2.056523e-06	-5.359378e-05	-5.372386e-05	2.679882e-05	-2.472588e-05	1.680809e-05	4.681979e-05	7.567532e-05	-1.556015e-04	-2.207769e-05
0026	-1.657846e-05	1.657846e-05	6.439004e-13	-1.742162e-02	2.590156e-04	-3.128211e-02	9.781003e-03	-1.357657e-02	1.548847e-16	-2.986612e-03	-8.165878e-03	-1.207129e-02	-7.195273e-03	-1.919336e-02	-2.273738e-02	-4.725610e-04	-1.247349e-02	-1.250415e-02	6.245492e-03	-5.752407e-03	4.423504e-03	1.112185e-02	1.783994e-02	-3.658440e-02	-5.348959e-03
0027	-4.693331e-11	4.697580e-11	1.822914e-18	-4.736639e-08	8.937301e-10	-9.311065e-07	1.627158e-08	-2.803225e-08	-4.867696e-17	-1.782783e-08	-4.208054e-07	-3.149261e-08	-2.332979e-08	-1.507605e-04	-6.500586e-08	-9.575222e-09	6.234271e-08	-1.514445e-08	4.209296e-09	6.020917e-08	-1.419430e-09	1.236852e-08	2.615297e-08	-9.478981e-07	-1.773665e-08
0028	5.091108e-09	-5.091099e-09	-1.977366e-16	1.586144e-05	-6.450503e-07	2.326194e-03	-7.120969e-05	-2.396601e-05	-3.357704e-17	4.165277e-05	2.569839e-03	2.587963e-05	-9.341742e-06	-8.923694e-05	5.418843e-05	3.160010e-06	-7.612235e-05	-7.363986e-05	1.564428e-05	-6.309790e-05	-3.286327e-05	-1.957637e-05	-7.091958e-06	2.364983e-03	3.838052e-05
0029	4.418869e-11	-4.410093e-11	-1.716208e-18	4.318519e-08	-6.440513e-10	-5.493561e-08	1.273616e-09	3.871219e-08	-3.814115e-17	1.424939e-08	-3.448529e-08	4.005248e-08	4.046383e-08	-2.019856e-07	6.401245e-08	2.131748e-08	-1.682301e-07	5.239936e-08	2.093689e-09	-1.421424e-07	2.209932e-08	2.511731e-09	-1.671195e-08	-3.401211e-08	2.089912e-08
